677507
677541
677559
677560
677574
677588
677593
677596
677598
677601
677610
677615
677628
677630
677632
677633
677634
677635
677638
677646
677648
677649
677659
677660
677663
677666
677667
677674
677675
677676
677678
677685
677686
677688
677689
677690
677691
677692
677693
677694
677696
677697
677699
677740
677761
677773
677779
677785
677786
677790
677798
677823
677832
677842
677843
677851
677853
677854
677855
677862
677864
677870
677878
677880
677888
677889
677893
677894
677895
677898
677899
677902
677903
677907
677908
677909
677910
677911
677914
677918
677929
677930
677940
677942
677953
677959
677963
677974
677980
677994
678002
678007
678014
678021
678024
678030
678031
678036
678037
678038
678039
678041
678042
678043
678056
678089
678094
678110
678144
678145
678149
678150
678156
678157
678158
678159
678160
678161
678162
678163
678164
678165
678166
678167
678168
678169
678170
678171
678172
678173
678174
678175
678176
678177
678178
678179
678181
678183
678184
678185
678186
678187
678188
678193
678203
678205
678206
678207
678221
678229
678238
678244
678245
678246
678247
678248
678249
678250
678251
678252
678253
678254
678255
678256
678257
678258
678259
678261
678264
678266
678267
678273
678274
678275
678276
678277
678278
678280
678281
678283
678284
678285
678286
678287
678288
678301
678302
678303
678304
678305
678306
678307
678308
678309
678310
678311
678312
678313
678314
678315
678316
678317
678318
678319
678320
678321
678322
678323
678324
678325
678326
678327
678328
678329
678330
678336
678338
678339
678341
678342
678343
678344
678348
678349
678350
678357
678359
678362
678363
678377
678385
678386
678388
678390
678391
678392
678393
678394
678395
678402
678411
678412
678413
678416
678418
678419
678421
678422
678423
678424
678426
678435
678437
678448
678453
678454
678455
678456
678457
678458
678459
678468
678469
678474
678488
678489
678499
678500
678502
678503
678505
678529
678538
678540
678556
678557
678560
678562
678563
678576
678577
678578
678579
678582
678586
678595
678597
678605
678613
678614
678615
678616
678617
678618
678619
678636
678637
678638
678639
678644
678646
678649
678650
678651
678652
678653
678656
678661
678665
678666
678676
678677
678678
678679
678680
678681
678682
678683
678684
678685
678686
678688
678689
678690
678691
678728
678733
678735
678737
678740
678741
678742
678743
678748
678752
678759
678761
678762
678769
678770
678772
678776
678780
678785
678789
678790
678797
678798
678800
678802
678803
678809
678810
678811
678814
678822
678839
678840
678843
678850
678853
678860
678861
678863
678864
678867
678870
678871
678872
678873
678882
678883
678889
678894
678896
678902
678903
678904
678905
678906
678907
678908
678909
678917
678921
678928
678929
678930
678931
678940
678941
678942
678949
678952
678953
678956
678957
678959
678962
678969
678971
678976
678977
678985
678988
678990
678992
678994
678995
678996
678998
679003
679006
679009
679010
679014
679016
679017
679018
679026
679028
679029
679030
679031
679032
679033
679034
679035
679036
679042
679053
679054
679057
679058
679059
679061
679062
679063
679084
679085
679089
679111
679112
679137
679139
679163
679171
679177
679185
679186
679202
679205
679228
679229
679230
679231
679232
679233
679236
679237
679238
679239
679252
679259
679269
679274
679287
679288
679289
679292
679297
679308
679317
679320
679338
679347
679355
679375
679377
679384
679385
679388
679389
679390
679391
679392
679393
679394
679396
679397
679398
679399
679400
679401
679402
679404
679405
679407
679411
679416
679423
679424
679428
679430
679444
679446
679447
679449
679450
679451
679470
679471
679472
679474
679478
679479
679481
679493
679497
679499
679501
679517
679550
679552
679561
679573
679583
679595
679597
679598
679599
679614
679620
679621
679623
679641
679659
679664
679672
679675
679710
679717
679718
679721
679723
679724
679743
679748
679752
679781
679783
679784
679790
679794
679797
679814
679815
679816
679817
679818
679823
679828
679847
679852
679853
679854
679855
679857
679858
679864
679888
679923
679925
679929
679954
679959
679960
679963
679971
679976
679977
679978
679979
679983
679988
679989
679990
679991
679992
679993
679994
679995
679996
679997
679998
680001
680002
680003
680007
680020
680021
680022
680023
680024
680025
680026
680027
680028
680029
680031
680032
680033
680034
680035
680036
680037
680038
680039
680040
680041
680042
680043
680044
680045
680046
680047
680048
680050
680051
680052
680053
680054
680055
680056
680057
680058
680059
680067
680068
680070
680073
680074
680075
680076
680077
680078
680079
680080
680081
680082
680083
680084
680085
680086
680087
680088
680089
680090
680091
680092
680093
680094
680095
680096
680097
680098
680099
680101
680103
680106
680109
680113
680115
680118
680130
680134
680135
680136
680137
680139
680140
680141
680150
680154
680155
680156
680157
680158
680159
680164
680169
680172
680173
680178
680182
680183
680187
680189
680190
680191
680192
680193
680194
680195
680196
680197
680198
680199
680202
680203
680206
680207
680210
680213
680257
680259
680272
680274
680276
680283
680299
680305
680311
680313
680320
680321
680322
680324
680325
680326
680327
680328
680329
680333
680335
680338
680345
680349
680350
680353
680354
680356
680365
680366
680368
680369
680370
680391
680402
680403
680409
680411
680412
680417
680422
680452
680460
680464
680472
680494
680495
680496
680497
680498
680535
680556
680559
680571
680579
680582
680591
680592
680596
680598
680611
680613
680615
680616
680617
680618
680619
680621
680622
680623
680624
680626
680628
680629
680632
680633
680649
680652
680658
680665
680697
680700
680709
680714
680723
680726
680728
680732
680735
680737
680746
680747
680748
680749
680750
680751
680752
680753
680754
680755
680756
680758
680759
680778
680779
680794
680800
680803
680807
680808
680812
680826
680838
680856
680857
680858
680861
680886
680896
680910
680914
680918
680919
680931
680938
680951
680953
680957
680958
680959
680970
680972
680973
680974
680975
680976
680977
680979
680998
680999
681012
681016
681021
681023
681024
681026
681029
681035
681037
681042
681045
681069
681070
681074
681075
681076
681077
681101
681111
681112
681118
681119
681125
681127
681146
681165
681170
681171
681173
681194
681198
681199
681200
681206
681208
681209
681218
681252
681267
681274
681275
681276
681278
681279
681282
681283
681285
681289
681298
681311
681326
681327
681352
681397
681407
681413
681427
681464
681496
681510
681520
681522
681525
681526
681529
681530
681532
681533
681538
681541
681542
681543
681544
681545
681546
681548
681549
681550
681552
681553
681554
681591
681592
681609
681636
681651
681653
681678
681699
681738
681747
681756
681759
681797
681806
681811
681815
681816
681834
681835
681837
681838
681839
681858
681859
681867
681919
681939
681949
681959
681973
681974
681979
681996
681997
682000
682001
682005
682006
682008
682009
682074
682085
682093
682095
682099
682103
682113
682114
682165
682168
682169
682173
682174
682182
682200
682209
682224
682225
682226
682228
682229
682230
682231
682233
682239
682256
682259
682292
682301
682303
682323
682341
682345
682350
682352
682362
682368
682382
682385
682389
682395
682398
682402
682406
682409
682411
682412
682418
682419
682420
682421
682422
682423
682424
682425
682426
682428
682432
682435
682436
682443
682444
682448
682457
682461
682470
682472
682473
682474
682476
682478
682479
682480
682483
682485
682488
682512
682520
682666
682754
682808
682831
682837
682838
682900
682911
682924
682926
682927
682959
682965
682966
683029
683035
683044
683092
683140
683156
683174
683181
683183
683184
683191
683216
683221
683224
683232
683233
683239
683240
683252
683260
683273
683278
683288
683293
683304
683330
683398
683417
683432
683437
683461
683535
683577
683586
683590
683637
683653
683672
683696
683718
683765
683777
683798
683890
683911
683924
683940
683941
683982
684002
684023
684028
684029
684057
684094
684097
684107
684116
684119
684235
684237
684244
684252
684258
684259
684260
684261
684273
684278
684311
684320
684337
684339
684341
684342
684352
684356
684375
684387
684388
684392
684395
684396
684398
684400
684401
684403
684406
684407
684408
684412
684417
684418
684419
684420
684422
684423
684424
684442
684443
684444
684445
684446
684447
684448
684449
684450
684451
684452
684453
684455
684456
684457
684494
684498
684516
684519
684520
684521
684522
684531
684534
684535
684571
684576
684577
684594
684595
684597
684601
684602
684607
684613
684626
684630
684631
684633
684635
684647
684656
684661
684668
684677
684682
684683
684685
684686
684687
684688
684689
684698
684699
684712
684753
684762
684766
684767
684768
684769
684770
684777
684784
684810
684813
684850
684896
684953
684969
684988
685010
685035
685060
685064
685065
685066
685067
685071
685098
685111
685164
685174
685176
685187
685191
685192
685195
685210
685211
685212
685214
685215
685216
685217
685219
685223
685247
685274
685286
685297
685313
685321
685338
685349
685350
685351
685352
685353
685354
685355
685356
685357
685358
685359
685360
685363
685365
685366
685367
685368
685369
685382
685383
685389
685390
685391
685392
685393
685394
685395
685396
685399
685400
685401
685405
685425
685442
685443
685444
685445
685446
685447
685449
685454
685466
685469
685470
685471
685473
685492
685499
685504
685510
685558
685559
685576
685584
685585
685603
685688
685734
685753
685761
685783
685786
685801
685802
685851
685852
685898
685923
685969
685974
685975
685984
685995
686026
686032
686110
686115
686136
686180
686182
686185
686189
686310
686312
686334
686354
686355
686390
686391
686399
686474
686489
686536
686539
686545
686546
686547
686595
686621
686653
686682
686718
686719
686721
686835
686838
686839
686841
686847
686864
686867
686868
686905
686963
687033
687049
687061
687064
687074
687077
687078
687080
687091
687093
687095
687106
687110
687111
687120
687132
687133
687134
687135
687136
687140
687141
687142
687145
687175
687176
687178
687179
687181
687182
687183
687184
687185
687186
687187
687188
687189
687190
687191
687192
687193
687194
687195
687198
687199
687200
687201
687202
687203
687204
687224
687226
687231
687234
687235
687237
687239
687263
687266
687271
687274
687285
687289
687313
687364
687385
687395
687398
687402
687403
687404
687408
687422
687430
687436
687470
687494
687606
687610
687612
687681
687689
687712
687717
687785
687817
687818
687823
687848
687873
687952
